0000000000010000
0000000000010001
0000000000001000
1110110000010000
0000000000010010
1110001100001000
0000000000010011
1110101010001000
0000000000010100
1110111111001000
0000000000010101
1110101010001000
0000000000010010
1111110000010000
0000000000010011
1111010011010000
0000000000110110
1110001100000010
0000000000010001
1111110000010000
0000000000010100
1111000000010000
0000000000101111
1110001100000010
0000000000010000
1111110000010000
0000000000010110
1110001100001000
0000000000010111
1110101010001000
0000000000010011
1111110000010000
0000000000010111
1111010011010000
0000000000101011
1110001100000010
0000000000010110
1111110000010000
1111000010001000
0000000000010111
1111110111001000
0000000000011110
1110101010000010
0000000000010110
1111110000010000
0000000000010101
1111000010001000
0000000000010100
1111110000010000
1111000010001000
0000000000010011
1111110111001000
0000000000001100
1110101010000111
0000000000010101
1111110000010000
0000000000000000
1110001100001000
0000000000111010
1110101010000111
